Section 1 MH_78_0_V2																																																																																																												
<UpperPnts>	5.00E-05	4.12E-03	0.00E+00	1.17E-03	1.35E-02	0.00E+00	5.88E-03	2.29E-02	0.00E+00	1.41E-02	3.56E-02	0.00E+00	2.58E-02	4.83E-02	0.00E+00	4.11E-02	6.09E-02	0.00E+00	5.99E-02	7.32E-02	0.00E+00	8.18E-02	8.44E-02	0.00E+00	1.07E-01	9.37E-02	0.00E+00	1.36E-01	1.01E-01	0.00E+00	1.68E-01	1.05E-01	0.00E+00	2.04E-01	1.08E-01	0.00E+00	2.43E-01	1.10E-01	0.00E+00	2.86E-01	1.09E-01	0.00E+00	3.31E-01	1.07E-01	0.00E+00	3.80E-01	1.04E-01	0.00E+00	4.30E-01	9.84E-02	0.00E+00	4.82E-01	9.18E-02	0.00E+00	5.36E-01	8.39E-02	0.00E+00	5.90E-01	7.48E-02	0.00E+00	6.43E-01	6.46E-02	0.00E+00	6.95E-01	5.38E-02	0.00E+00	7.46E-01	4.29E-02	0.00E+00	7.94E-01	3.28E-02	0.00E+00	8.39E-01	2.38E-02	0.00E+00	8.79E-01	1.62E-02	0.00E+00	9.15E-01	1.01E-02	0.00E+00	9.45E-01	5.88E-03	0.00E+00	9.69E-01	3.33E-03	0.00E+00	9.86E-01	2.15E-03	0.00E+00	9.96E-01	1.83E-03	0.00E+00	1.00E+00	1.82E-03	0.00E+00												
<LowerPnts>	5.00E-05	4.12E-03	0.00E+00	3.90E-04	-1.50E-03	0.00E+00	1.07E-03	-5.82E-03	0.00E+00	1.75E-03	-8.12E-03	0.00E+00	2.64E-03	-1.07E-02	0.00E+00	3.85E-03	-1.34E-02	0.00E+00	5.41E-03	-1.60E-02	0.00E+00	8.28E-03	-1.92E-02	0.00E+00	1.17E-02	-2.20E-02	0.00E+00	2.81E-02	-3.20E-02	0.00E+00	4.91E-02	-4.08E-02	0.00E+00	7.50E-02	-4.93E-02	0.00E+00	1.05E-01	-5.67E-02	0.00E+00	1.40E-01	-6.22E-02	0.00E+00	1.79E-01	-6.60E-02	0.00E+00	2.21E-01	-6.84E-02	0.00E+00	2.67E-01	-7.03E-02	0.00E+00	3.15E-01	-7.16E-02	0.00E+00	3.66E-01	-7.23E-02	0.00E+00	4.18E-01	-7.24E-02	0.00E+00	4.70E-01	-7.17E-02	0.00E+00	5.23E-01	-7.00E-02	0.00E+00	5.76E-01	-6.71E-02	0.00E+00	6.28E-01	-6.28E-02	0.00E+00	6.78E-01	-5.72E-02	0.00E+00	7.26E-01	-5.04E-02	0.00E+00	7.71E-01	-4.26E-02	0.00E+00	8.14E-01	-3.44E-02	0.00E+00	8.53E-01	-2.59E-02	0.00E+00	8.88E-01	-1.80E-02	0.00E+00	9.20E-01	-1.11E-02	0.00E+00	9.47E-01	-5.72E-03	0.00E+00	9.70E-01	-1.90E-03	0.00E+00	9.86E-01	4.50E-04	0.00E+00	9.97E-01	1.54E-03	0.00E+00	1.00E+00	1.82E-03	0.00E+00
																																																																																																												
Section 2 MH_78_1_V2																																																																																																												
<UpperPnts>	1.10E-04	-2.11E-03	0.00E+00	1.46E-03	1.30E-02	0.00E+00	6.55E-03	2.31E-02	0.00E+00	1.43E-02	3.38E-02	0.00E+00	2.56E-02	4.48E-02	0.00E+00	4.03E-02	5.59E-02	0.00E+00	5.86E-02	6.69E-02	0.00E+00	8.02E-02	7.74E-02	0.00E+00	1.05E-01	8.65E-02	0.00E+00	1.34E-01	9.36E-02	0.00E+00	1.66E-01	9.87E-02	0.00E+00	2.02E-01	1.02E-01	0.00E+00	2.41E-01	1.04E-01	0.00E+00	2.84E-01	1.04E-01	0.00E+00	3.30E-01	1.03E-01	0.00E+00	3.78E-01	1.01E-01	0.00E+00	4.29E-01	9.74E-02	0.00E+00	4.81E-01	9.23E-02	0.00E+00	5.34E-01	8.59E-02	0.00E+00	5.88E-01	7.81E-02	0.00E+00	6.41E-01	6.90E-02	0.00E+00	6.94E-01	5.88E-02	0.00E+00	7.45E-01	4.80E-02	0.00E+00	7.93E-01	3.73E-02	0.00E+00	8.38E-01	2.73E-02	0.00E+00	8.78E-01	1.85E-02	0.00E+00	9.14E-01	1.13E-02	0.00E+00	9.44E-01	6.04E-03	0.00E+00	9.68E-01	2.76E-03	0.00E+00	9.86E-01	1.08E-03	0.00E+00	9.96E-01	4.90E-04	0.00E+00	1.00E+00	4.00E-04	0.00E+00												
<LowerPnts>	1.10E-04	-2.11E-03	0.00E+00	4.10E-04	-4.67E-03	0.00E+00	1.01E-03	-7.82E-03	0.00E+00	1.65E-03	-1.00E-02	0.00E+00	2.49E-03	-1.24E-02	0.00E+00	3.66E-03	-1.50E-02	0.00E+00	5.22E-03	-1.79E-02	0.00E+00	8.34E-03	-2.19E-02	0.00E+00	1.22E-02	-2.58E-02	0.00E+00	2.98E-02	-3.85E-02	0.00E+00	5.16E-02	-4.96E-02	0.00E+00	7.81E-02	-6.02E-02	0.00E+00	1.09E-01	-6.90E-02	0.00E+00	1.44E-01	-7.57E-02	0.00E+00	1.82E-01	-8.02E-02	0.00E+00	2.25E-01	-8.32E-02	0.00E+00	2.70E-01	-8.51E-02	0.00E+00	3.18E-01	-8.60E-02	0.00E+00	3.68E-01	-8.60E-02	0.00E+00	4.20E-01	-8.50E-02	0.00E+00	4.72E-01	-8.30E-02	0.00E+00	5.25E-01	-7.98E-02	0.00E+00	5.77E-01	-7.53E-02	0.00E+00	6.29E-01	-6.95E-02	0.00E+00	6.79E-01	-6.24E-02	0.00E+00	7.27E-01	-5.41E-02	0.00E+00	7.72E-01	-4.52E-02	0.00E+00	8.15E-01	-3.61E-02	0.00E+00	8.54E-01	-2.72E-02	0.00E+00	8.89E-01	-1.90E-02	0.00E+00	9.21E-01	-1.20E-02	0.00E+00	9.48E-01	-6.61E-03	0.00E+00	9.70E-01	-2.93E-03	0.00E+00	9.86E-01	-7.70E-04	0.00E+00	9.97E-01	1.80E-04	0.00E+00	1.00E+00	4.00E-04	0.00E+00
																																																																																																												
Section 3 NASA SC(2)-0414																																																																																																												
<UpperPnts>	1.20E-04	2.64E-03	0.00E+00	1.23E-03	8.53E-03	0.00E+00	3.72E-03	1.45E-02	0.00E+00	7.75E-03	2.02E-02	0.00E+00	1.34E-02	2.54E-02	0.00E+00	2.07E-02	3.03E-02	0.00E+00	2.99E-02	3.50E-02	0.00E+00	4.15E-02	3.94E-02	0.00E+00	5.62E-02	4.38E-02	0.00E+00	7.56E-02	4.82E-02	0.00E+00	1.01E-01	5.29E-02	0.00E+00	1.34E-01	5.74E-02	0.00E+00	1.73E-01	6.14E-02	0.00E+00	2.12E-01	6.46E-02	0.00E+00	2.53E-01	6.70E-02	0.00E+00	2.96E-01	6.87E-02	0.00E+00	3.39E-01	6.97E-02	0.00E+00	3.84E-01	7.02E-02	0.00E+00	4.30E-01	7.00E-02	0.00E+00	4.75E-01	6.92E-02	0.00E+00	5.19E-01	6.76E-02	0.00E+00	5.61E-01	6.55E-02	0.00E+00	6.02E-01	6.26E-02	0.00E+00	6.44E-01	5.89E-02	0.00E+00	6.87E-01	5.43E-02	0.00E+00	7.31E-01	4.89E-02	0.00E+00	7.76E-01	4.28E-02	0.00E+00	8.21E-01	3.61E-02	0.00E+00	8.66E-01	2.89E-02	0.00E+00	9.09E-01	2.13E-02	0.00E+00	9.48E-01	1.41E-02	0.00E+00	9.81E-01	7.29E-03	0.00E+00	1.00E+00	3.30E-03	0.00E+00									
<LowerPnts>	1.20E-04	2.64E-03	0.00E+00	1.70E-04	-3.16E-03	0.00E+00	1.39E-03	-9.06E-03	0.00E+00	4.01E-03	-1.50E-02	0.00E+00	8.19E-03	-2.06E-02	0.00E+00	1.40E-02	-2.59E-02	0.00E+00	2.15E-02	-3.08E-02	0.00E+00	3.09E-02	-3.54E-02	0.00E+00	4.27E-02	-3.98E-02	0.00E+00	5.79E-02	-4.43E-02	0.00E+00	7.79E-02	-4.89E-02	0.00E+00	1.04E-01	-5.36E-02	0.00E+00	1.38E-01	-5.82E-02	0.00E+00	1.76E-01	-6.24E-02	0.00E+00	2.16E-01	-6.55E-02	0.00E+00	2.56E-01	-6.78E-02	0.00E+00	2.96E-01	-6.93E-02	0.00E+00	3.36E-01	-7.00E-02	0.00E+00	3.77E-01	-6.98E-02	0.00E+00	4.19E-01	-6.90E-02	0.00E+00	4.61E-01	-6.71E-02	0.00E+00	5.04E-01	-6.39E-02	0.00E+00	5.46E-01	-5.92E-02	0.00E+00	5.89E-01	-5.29E-02	0.00E+00	6.32E-01	-4.52E-02	0.00E+00	6.75E-01	-3.62E-02	0.00E+00	7.21E-01	-2.62E-02	0.00E+00	7.65E-01	-1.67E-02	0.00E+00	8.06E-01	-8.58E-03	0.00E+00	8.46E-01	-1.75E-03	0.00E+00	8.84E-01	2.72E-03	0.00E+00	9.20E-01	4.60E-03	0.00E+00	9.52E-01	3.65E-03	0.00E+00	9.82E-01	4.80E-04	0.00E+00	1.00E+00	-2.70E-03	0.00E+00			
																																																																																																												
Section 4 NASA SC(2)-0410																																																																																																												
<UpperPnts>	6.00E-05	-1.33E-03	0.00E+00	3.40E-04	3.17E-03	0.00E+00	2.13E-03	7.83E-03	0.00E+00	5.76E-03	1.23E-02	0.00E+00	1.15E-02	1.65E-02	0.00E+00	1.98E-02	2.06E-02	0.00E+00	3.19E-02	2.47E-02	0.00E+00	5.04E-02	2.92E-02	0.00E+00	7.80E-02	3.39E-02	0.00E+00	1.12E-01	3.81E-02	0.00E+00	1.48E-01	4.15E-02	0.00E+00	1.85E-01	4.41E-02	0.00E+00	2.22E-01	4.62E-02	0.00E+00	2.60E-01	4.78E-02	0.00E+00	2.98E-01	4.89E-02	0.00E+00	3.37E-01	4.96E-02	0.00E+00	3.77E-01	5.00E-02	0.00E+00	4.16E-01	5.00E-02	0.00E+00	4.55E-01	4.98E-02	0.00E+00	4.93E-01	4.91E-02	0.00E+00	5.32E-01	4.81E-02	0.00E+00	5.70E-01	4.68E-02	0.00E+00	6.09E-01	4.50E-02	0.00E+00	6.47E-01	4.27E-02	0.00E+00	6.86E-01	4.00E-02	0.00E+00	7.24E-01	3.68E-02	0.00E+00	7.63E-01	3.33E-02	0.00E+00	8.01E-01	2.95E-02	0.00E+00	8.40E-01	2.52E-02	0.00E+00	8.79E-01	2.06E-02	0.00E+00	9.17E-01	1.58E-02	0.00E+00	9.53E-01	1.09E-02	0.00E+00	9.84E-01	6.01E-03	0.00E+00	1.00E+00	3.20E-03	0.00E+00						
<LowerPnts>	6.00E-05	-1.33E-03	0.00E+00	1.20E-03	-5.92E-03	0.00E+00	4.04E-03	-1.05E-02	0.00E+00	8.91E-03	-1.48E-02	0.00E+00	1.61E-02	-1.89E-02	0.00E+00	2.63E-02	-2.30E-02	0.00E+00	4.19E-02	-2.73E-02	0.00E+00	6.58E-02	-3.20E-02	0.00E+00	9.85E-02	-3.67E-02	0.00E+00	1.35E-01	-4.06E-02	0.00E+00	1.73E-01	-4.37E-02	0.00E+00	2.11E-01	-4.60E-02	0.00E+00	2.48E-01	-4.77E-02	0.00E+00	2.86E-01	-4.88E-02	0.00E+00	3.25E-01	-4.94E-02	0.00E+00	3.63E-01	-4.97E-02	0.00E+00	4.02E-01	-4.95E-02	0.00E+00	4.40E-01	-4.88E-02	0.00E+00	4.77E-01	-4.75E-02	0.00E+00	5.14E-01	-4.58E-02	0.00E+00	5.51E-01	-4.31E-02	0.00E+00	5.88E-01	-3.92E-02	0.00E+00	6.24E-01	-3.46E-02	0.00E+00	6.60E-01	-2.94E-02	0.00E+00	6.99E-01	-2.31E-02	0.00E+00	7.40E-01	-1.66E-02	0.00E+00	7.79E-01	-1.03E-02	0.00E+00	8.16E-01	-5.00E-03	0.00E+00	8.52E-01	-3.80E-04	0.00E+00	8.88E-01	2.97E-03	0.00E+00	9.22E-01	4.32E-03	0.00E+00	9.55E-01	3.40E-03	0.00E+00	9.85E-01	6.30E-04	0.00E+00	1.00E+00	-1.70E-03	0.00E+00						
																																																																																																												
Section 1 MH_78_0_V2	<UpperPnts>	<LowerPnts>			Section 2 MH_78_1_V2	<UpperPnts>	<LowerPnts>			Section 3 NASA SC(2)-0414	<UpperPnts>	<LowerPnts>		Section 4 NASA SC(2)-0410	<UpperPnts>	<LowerPnts>																																																																																												
	5.00E-05	5.00E-05	a			1.10E-04	1.10E-04	a			1.20E-04	1.20E-04	a		6.00E-05	6.00E-05	a																																																																																											
	4.12E-03	4.12E-03	b			-2.11E-03	-2.11E-03	b			2.64E-03	2.64E-03	b		-1.33E-03	-1.33E-03	b																																																																																											
	0.00E+00	0.00E+00	c			0.00E+00	0.00E+00	c			0.00E+00	0.00E+00	c		0.00E+00	0.00E+00	c																																																																																											
	1.17E-03	3.90E-04	a			1.46E-03	4.10E-04	a			1.23E-03	1.70E-04	a		3.40E-04	1.20E-03	a																																																																																											
	1.35E-02	-1.50E-03	b			1.30E-02	-4.67E-03	b			8.53E-03	-3.16E-03	b		3.17E-03	-5.92E-03	b																																																																																											
	0.00E+00	0.00E+00	c			0.00E+00	0.00E+00	c			0.00E+00	0.00E+00	c		0.00E+00	0.00E+00	c																																																																																											
	5.88E-03	1.07E-03	a			6.55E-03	1.01E-03	a			3.72E-03	1.39E-03	a		2.13E-03	4.04E-03	a																																																																																											
	2.29E-02	-5.82E-03	b			2.31E-02	-7.82E-03	b			1.45E-02	-9.06E-03	b		7.83E-03	-1.05E-02	b																																																																																											
	0.00E+00	0.00E+00	c			0.00E+00	0.00E+00	c			0.00E+00	0.00E+00	c		0.00E+00	0.00E+00	c																																																																																											
	1.41E-02	1.75E-03	a			1.43E-02	1.65E-03	a			7.75E-03	4.01E-03	a		5.76E-03	8.91E-03	a																																																																																											
	3.56E-02	-8.12E-03	b			3.38E-02	-1.00E-02	b			2.02E-02	-1.50E-02	b		1.23E-02	-1.48E-02	b																																																																																											
	0.00E+00	0.00E+00	c			0.00E+00	0.00E+00	c			0.00E+00	0.00E+00	c		0.00E+00	0.00E+00	c																																																																																											
	2.58E-02	2.64E-03	a			2.56E-02	2.49E-03	a			1.34E-02	8.19E-03	a		1.15E-02	1.61E-02	a																																																																																											
	4.83E-02	-1.07E-02	b			4.48E-02	-1.24E-02	b			2.54E-02	-2.06E-02	b		1.65E-02	-1.89E-02	b																																																																																											
	0.00E+00	0.00E+00	c			0.00E+00	0.00E+00	c			0.00E+00	0.00E+00	c		0.00E+00	0.00E+00	c																																																																																											
	4.11E-02	3.85E-03	a			4.03E-02	3.66E-03	a			2.07E-02	1.40E-02	a		1.98E-02	2.63E-02	a																																																																																											
	6.09E-02	-1.34E-02	b			5.59E-02	-1.50E-02	b			3.03E-02	-2.59E-02	b		2.06E-02	-2.30E-02	b																																																																																											
	0.00E+00	0.00E+00	c			0.00E+00	0.00E+00	c			0.00E+00	0.00E+00	c		0.00E+00	0.00E+00	c																																																																																											
	5.99E-02	5.41E-03	a			5.86E-02	5.22E-03	a			2.99E-02	2.15E-02	a		3.19E-02	4.19E-02	a																																																																																											
	7.32E-02	-1.60E-02	b			6.69E-02	-1.79E-02	b			3.50E-02	-3.08E-02	b		2.47E-02	-2.73E-02	b																																																																																											
	0.00E+00	0.00E+00	c			0.00E+00	0.00E+00	c			0.00E+00	0.00E+00	c		0.00E+00	0.00E+00	c																																																																																											
	8.18E-02	8.28E-03	a			8.02E-02	8.34E-03	a			4.15E-02	3.09E-02	a		5.04E-02	6.58E-02	a																																																																																											
	8.44E-02	-1.92E-02	b			7.74E-02	-2.19E-02	b			3.94E-02	-3.54E-02	b		2.92E-02	-3.20E-02	b																																																																																											
	0.00E+00	0.00E+00	c			0.00E+00	0.00E+00	c			0.00E+00	0.00E+00	c		0.00E+00	0.00E+00	c																																																																																											
	1.07E-01	1.17E-02	a			1.05E-01	1.22E-02	a			5.62E-02	4.27E-02	a		7.80E-02	9.85E-02	a																																																																																											
	9.37E-02	-2.20E-02	b			8.65E-02	-2.58E-02	b			4.38E-02	-3.98E-02	b		3.39E-02	-3.67E-02	b																																																																																											
	0.00E+00	0.00E+00	c			0.00E+00	0.00E+00	c			0.00E+00	0.00E+00	c		0.00E+00	0.00E+00	c																																																																																											
	1.36E-01	2.81E-02	a			1.34E-01	2.98E-02	a			7.56E-02	5.79E-02	a		1.12E-01	1.35E-01	a																																																																																											
	1.01E-01	-3.20E-02	b			9.36E-02	-3.85E-02	b			4.82E-02	-4.43E-02	b		3.81E-02	-4.06E-02	b																																																																																											
	0.00E+00	0.00E+00	c			0.00E+00	0.00E+00	c			0.00E+00	0.00E+00	c		0.00E+00	0.00E+00	c																																																																																											
	1.68E-01	4.91E-02	a			1.66E-01	5.16E-02	a			1.01E-01	7.79E-02	a		1.48E-01	1.73E-01	a																																																																																											
	1.05E-01	-4.08E-02	b			9.87E-02	-4.96E-02	b			5.29E-02	-4.89E-02	b		4.15E-02	-4.37E-02	b																																																																																											
	0.00E+00	0.00E+00	c			0.00E+00	0.00E+00	c			0.00E+00	0.00E+00	c		0.00E+00	0.00E+00	c																																																																																											
	2.04E-01	7.50E-02	a			2.02E-01	7.81E-02	a			1.34E-01	1.04E-01	a		1.85E-01	2.11E-01	a																																																																																											
	1.08E-01	-4.93E-02	b			1.02E-01	-6.02E-02	b			5.74E-02	-5.36E-02	b		4.41E-02	-4.60E-02	b																																																																																											
	0.00E+00	0.00E+00	c			0.00E+00	0.00E+00	c			0.00E+00	0.00E+00	c		0.00E+00	0.00E+00	c																																																																																											
	2.43E-01	1.05E-01	a			2.41E-01	1.09E-01	a			1.73E-01	1.38E-01	a		2.22E-01	2.48E-01	a																																																																																											
	1.10E-01	-5.67E-02	b			1.04E-01	-6.90E-02	b			6.14E-02	-5.82E-02	b		4.62E-02	-4.77E-02	b																																																																																											
	0.00E+00	0.00E+00	c			0.00E+00	0.00E+00	c			0.00E+00	0.00E+00	c		0.00E+00	0.00E+00	c																																																																																											
	2.86E-01	1.40E-01	a			2.84E-01	1.44E-01	a			2.12E-01	1.76E-01	a		2.60E-01	2.86E-01	a																																																																																											
	1.09E-01	-6.22E-02	b			1.04E-01	-7.57E-02	b			6.46E-02	-6.24E-02	b		4.78E-02	-4.88E-02	b																																																																																											
	0.00E+00	0.00E+00	c			0.00E+00	0.00E+00	c			0.00E+00	0.00E+00	c		0.00E+00	0.00E+00	c																																																																																											
	3.31E-01	1.79E-01	a			3.30E-01	1.82E-01	a			2.53E-01	2.16E-01	a		2.98E-01	3.25E-01	a																																																																																											
	1.07E-01	-6.60E-02	b			1.03E-01	-8.02E-02	b			6.70E-02	-6.55E-02	b		4.89E-02	-4.94E-02	b																																																																																											
	0.00E+00	0.00E+00	c			0.00E+00	0.00E+00	c			0.00E+00	0.00E+00	c		0.00E+00	0.00E+00	c																																																																																											
	3.80E-01	2.21E-01	a			3.78E-01	2.25E-01	a			2.96E-01	2.56E-01	a		3.37E-01	3.63E-01	a																																																																																											
	1.04E-01	-6.84E-02	b			1.01E-01	-8.32E-02	b			6.87E-02	-6.78E-02	b		4.96E-02	-4.97E-02	b																																																																																											
	0.00E+00	0.00E+00	c			0.00E+00	0.00E+00	c			0.00E+00	0.00E+00	c		0.00E+00	0.00E+00	c																																																																																											
	4.30E-01	2.67E-01	a			4.29E-01	2.70E-01	a			3.39E-01	2.96E-01	a		3.77E-01	4.02E-01	a																																																																																											
	9.84E-02	-7.03E-02	b			9.74E-02	-8.51E-02	b			6.97E-02	-6.93E-02	b		5.00E-02	-4.95E-02	b																																																																																											
	0.00E+00	0.00E+00	c			0.00E+00	0.00E+00	c			0.00E+00	0.00E+00	c		0.00E+00	0.00E+00	c																																																																																											
	4.82E-01	3.15E-01	a			4.81E-01	3.18E-01	a			3.84E-01	3.36E-01	a		4.16E-01	4.40E-01	a																																																																																											
	9.18E-02	-7.16E-02	b			9.23E-02	-8.60E-02	b			7.02E-02	-7.00E-02	b		5.00E-02	-4.88E-02	b																																																																																											
	0.00E+00	0.00E+00	c			0.00E+00	0.00E+00	c			0.00E+00	0.00E+00	c		0.00E+00	0.00E+00	c																																																																																											
	5.36E-01	3.66E-01	a			5.34E-01	3.68E-01	a			4.30E-01	3.77E-01	a		4.55E-01	4.77E-01	a																																																																																											
	8.39E-02	-7.23E-02	b			8.59E-02	-8.60E-02	b			7.00E-02	-6.98E-02	b		4.98E-02	-4.75E-02	b																																																																																											
	0.00E+00	0.00E+00	c			0.00E+00	0.00E+00	c			0.00E+00	0.00E+00	c		0.00E+00	0.00E+00	c																																																																																											
	5.90E-01	4.18E-01	a			5.88E-01	4.20E-01	a			4.75E-01	4.19E-01	a		4.93E-01	5.14E-01	a																																																																																											
	7.48E-02	-7.24E-02	b			7.81E-02	-8.50E-02	b			6.92E-02	-6.90E-02	b		4.91E-02	-4.58E-02	b																																																																																											
	0.00E+00	0.00E+00	c			0.00E+00	0.00E+00	c			0.00E+00	0.00E+00	c		0.00E+00	0.00E+00	c																																																																																											
	6.43E-01	4.70E-01	a			6.41E-01	4.72E-01	a			5.19E-01	4.61E-01	a		5.32E-01	5.51E-01	a																																																																																											
	6.46E-02	-7.17E-02	b			6.90E-02	-8.30E-02	b			6.76E-02	-6.71E-02	b		4.81E-02	-4.31E-02	b																																																																																											
	0.00E+00	0.00E+00	c			0.00E+00	0.00E+00	c			0.00E+00	0.00E+00	c		0.00E+00	0.00E+00	c																																																																																											
	6.95E-01	5.23E-01	a			6.94E-01	5.25E-01	a			5.61E-01	5.04E-01	a		5.70E-01	5.88E-01	a																																																																																											
	5.38E-02	-7.00E-02	b			5.88E-02	-7.98E-02	b			6.55E-02	-6.39E-02	b		4.68E-02	-3.92E-02	b																																																																																											
	0.00E+00	0.00E+00	c			0.00E+00	0.00E+00	c			0.00E+00	0.00E+00	c		0.00E+00	0.00E+00	c																																																																																											
	7.46E-01	5.76E-01	a			7.45E-01	5.77E-01	a			6.02E-01	5.46E-01	a		6.09E-01	6.24E-01	a																																																																																											
	4.29E-02	-6.71E-02	b			4.80E-02	-7.53E-02	b			6.26E-02	-5.92E-02	b		4.50E-02	-3.46E-02	b																																																																																											
	0.00E+00	0.00E+00	c			0.00E+00	0.00E+00	c			0.00E+00	0.00E+00	c		0.00E+00	0.00E+00	c																																																																																											
	7.94E-01	6.28E-01	a			7.93E-01	6.29E-01	a			6.44E-01	5.89E-01	a		6.47E-01	6.60E-01	a																																																																																											
	3.28E-02	-6.28E-02	b			3.73E-02	-6.95E-02	b			5.89E-02	-5.29E-02	b		4.27E-02	-2.94E-02	b																																																																																											
	0.00E+00	0.00E+00	c			0.00E+00	0.00E+00	c			0.00E+00	0.00E+00	c		0.00E+00	0.00E+00	c																																																																																											
	8.39E-01	6.78E-01	a			8.38E-01	6.79E-01	a			6.87E-01	6.32E-01	a		6.86E-01	6.99E-01	a																																																																																											
	2.38E-02	-5.72E-02	b			2.73E-02	-6.24E-02	b			5.43E-02	-4.52E-02	b		4.00E-02	-2.31E-02	b																																																																																											
	0.00E+00	0.00E+00	c			0.00E+00	0.00E+00	c			0.00E+00	0.00E+00	c		0.00E+00	0.00E+00	c																																																																																											
	8.79E-01	7.26E-01	a			8.78E-01	7.27E-01	a			7.31E-01	6.75E-01	a		7.24E-01	7.40E-01	a																																																																																											
	1.62E-02	-5.04E-02	b			1.85E-02	-5.41E-02	b			4.89E-02	-3.62E-02	b		3.68E-02	-1.66E-02	b																																																																																											
	0.00E+00	0.00E+00	c			0.00E+00	0.00E+00	c			0.00E+00	0.00E+00	c		0.00E+00	0.00E+00	c																																																																																											
	9.15E-01	7.71E-01	a			9.14E-01	7.72E-01	a			7.76E-01	7.21E-01	a		7.63E-01	7.79E-01	a																																																																																											
	1.01E-02	-4.26E-02	b			1.13E-02	-4.52E-02	b			4.28E-02	-2.62E-02	b		3.33E-02	-1.03E-02	b																																																																																											
	0.00E+00	0.00E+00	c			0.00E+00	0.00E+00	c			0.00E+00	0.00E+00	c		0.00E+00	0.00E+00	c																																																																																											
	9.45E-01	8.14E-01	a			9.44E-01	8.15E-01	a			8.21E-01	7.65E-01	a		8.01E-01	8.16E-01	a																																																																																											
	5.88E-03	-3.44E-02	b			6.04E-03	-3.61E-02	b			3.61E-02	-1.67E-02	b		2.95E-02	-5.00E-03	b																																																																																											
	0.00E+00	0.00E+00	c			0.00E+00	0.00E+00	c			0.00E+00	0.00E+00	c		0.00E+00	0.00E+00	c																																																																																											
	9.69E-01	8.53E-01	a			9.68E-01	8.54E-01	a			8.66E-01	8.06E-01	a		8.40E-01	8.52E-01	a																																																																																											
	3.33E-03	-2.59E-02	b			2.76E-03	-2.72E-02	b			2.89E-02	-8.58E-03	b		2.52E-02	-3.80E-04	b																																																																																											
	0.00E+00	0.00E+00	c			0.00E+00	0.00E+00	c			0.00E+00	0.00E+00	c		0.00E+00	0.00E+00	c																																																																																											
	9.86E-01	8.88E-01	a			9.86E-01	8.89E-01	a			9.09E-01	8.46E-01	a		8.79E-01	8.88E-01	a																																																																																											
	2.15E-03	-1.80E-02	b			1.08E-03	-1.90E-02	b			2.13E-02	-1.75E-03	b		2.06E-02	2.97E-03	b																																																																																											
	0.00E+00	0.00E+00	c			0.00E+00	0.00E+00	c			0.00E+00	0.00E+00	c		0.00E+00	0.00E+00	c																																																																																											
	9.96E-01	9.20E-01	a			9.96E-01	9.21E-01	a			9.48E-01	8.84E-01	a		9.17E-01	9.22E-01	a																																																																																											
	1.83E-03	-1.11E-02	b			4.90E-04	-1.20E-02	b			1.41E-02	2.72E-03	b		1.58E-02	4.32E-03	b																																																																																											
	0.00E+00	0.00E+00	c			0.00E+00	0.00E+00	c			0.00E+00	0.00E+00	c		0.00E+00	0.00E+00	c																																																																																											
	1.00E+00	9.47E-01	a			1.00E+00	9.48E-01	a			9.81E-01	9.20E-01	a		9.53E-01	9.55E-01	a																																																																																											
	1.82E-03	-5.72E-03	b			4.00E-04	-6.61E-03	b			7.29E-03	4.60E-03	b		1.09E-02	3.40E-03	b																																																																																											
	0.00E+00	0.00E+00	c			0.00E+00	0.00E+00	c			0.00E+00	0.00E+00	c		0.00E+00	0.00E+00	c																																																																																											
		9.70E-01	a				9.70E-01	a			1.00E+00	9.52E-01	a		9.84E-01	9.85E-01	a																																																																																											
		-1.90E-03	b				-2.93E-03	b			3.30E-03	3.65E-03	b		6.01E-03	6.30E-04	b																																																																																											
		0.00E+00	c				0.00E+00	c			0.00E+00	0.00E+00	c		0.00E+00	0.00E+00	c																																																																																											
		9.86E-01	a				9.86E-01	a				9.82E-01	a		1.00E+00	1.00E+00	a																																																																																											
		4.50E-04	b				-7.70E-04	b				4.80E-04	b		3.20E-03	-1.70E-03	b																																																																																											
		0.00E+00	c				0.00E+00	c				0.00E+00	c		0.00E+00	0.00E+00	c																																																																																											
		9.97E-01	a				9.97E-01	a				1.00E+00	a				a																																																																																											
		1.54E-03	b				1.80E-04	b				-2.70E-03	b				b																																																																																											
		0.00E+00	c				0.00E+00	c				0.00E+00	c				c																																																																																											
		1.00E+00	a				1.00E+00	a					a				a																																																																																											
		1.82E-03	b				4.00E-04	b					b				b																																																																																											
		0.00E+00	c				0.00E+00	c					c				c																																																																																											
